$ANSIBLE_VAULT;1.1;AES256
62663033363334316238306332643139346564343237356235306162386438366338613934613363
3965386331643235636562646661616536613238333965370a653463303736376162383762393738
36373239316532393536333065373838613230316439646137313265373763326638646532376262
6536333864646239390a326566623065643337623837396363333936643239656631303839333864
64333866653730396432346638636432373266393232333538356561616434633464343863626663
61353135656333303966353330336363643164623237613330663436613933303266316564633131
39383139663436663962363236303261386537643839313930653932353130366233306133373965
35396561633430656162343537343237336435336233323465636664663161303836663032306432
39333933313361653266343936663665313631353365383131316231323236623938656464646138
35396432616164363965306338656637346665626362383632323530333262353531343634643164
31633834616661383532666366383336383339663536333336366435316531386533353364383834
33343738336539306663636134353134396662323138666333343264366333313832353837396434
66353834636531383133376166316261353934376135323232643536656163646430313132656563
63383563383137613863366334366538396433656236313265313766653433643332646430303662
62616333383762306461326134306239626238373738376139613836653936646137353664316164
64353062326239663466646632346131636230393864663138303763616232643863393834333839
32343430346230333963333232366335343065613166323335613138626261373465343530653933
65636262636538303936633634343334303766396535376133383464343538663130383734643233
36333163616463313239373132653638343739363361663365656134336436356231363534626239
64346632346634363863363034636666666262316431383434643133333633613366633932633466
33663534393666323230373835626661326563303334356465633833623266623663326135303334
30373438333664366533313639303231663265633831333162623661366562306137363063373338
35316533303062383761303630343662643462633539353161373766626462336433323761613961
63313637353865303036336164346332383863303436393039376335323137373164306666653761
31653366386164396131376263366230386163636239613938363938323738663561663938373939
30663739356335616663636134336438346366393439313938653165356639633565616234323932
37303335666362393835326135343733343138316464666566396338616432383664343361343739
30383666343437323465396464643261653061613162346438373630393863626136353337383066
34396633386563633232313034653831373265636230386332613137343731376239646630656130
61313062613637323761636366373533353762666333653766323338376339663332633730373039
61383232393534663538636464333837666665393335333965643730303137333837366331646463
37623333383931646162623134616133323463303266333638663064386536316261656434373665
33663135356437306361393363626138636239636230613330303830643665656331366264303866
63366330656136393037656366656363663030643830396134616230643537313833306636653364
38356239636334363734623066626338666134373133383266333730356532636535333563326437
62613565336137623137653761316663366661616532343362343063303238343165303838353966
64396665333339623639333565646236626165363232623638306432323861353366626532373230
30623161396164303738616163626661306266663035616338613063353639363232393738383032
38366536626333653764336131333264636231626464386631653633323839306234343133643566
65373164653361363163333936343936383138653637316565363039343238643034343030313537
37663330303233333236666234306136323831303332356132323762306663323431653739666432
36383738626162373463366633636134323234396134653031366139656236653564646531346465
34313232316363666230613333653366636233303266656530336161313635643766363033616237
38333137323535633364333239626231346537376536616138383332633465303237653931356533
36663564643831393638313838313763383335656233366364663862303862643239633263663632
38346237383631383065353939396262623364376238363461373364346630336633376234323537
35336633653837613235656666366538356631353139623436646136656334313862373463616135
33346464623839306635303236366432313035643037333638303565393363613065373661623066
36346335326436623165333032653938366132623763633338353139393330353932343266383737
64326339313435633630373534323636623431643935343439353063666431616133396264333233
38356334656438313531333162313939613665316462326263653237623662613064386464386231
65306430623233303061643166373530663333643065636236316433343065633664333962663130
63306361386333313730623736366633343338303365313263323566613230643964633162373865
36316462373837366366626532623739303430643634316235653836376463623330633032356334
66356130326335376437313835306661363031396131383735316366643862663133343866323135
38623439376135643633306532613137383738613133663165343734656634623739393836303639
39393137306138303035373635343339393430623436653131336435626339663930
