$ANSIBLE_VAULT;1.1;AES256
31383265336466343631656262653037383334613439343961386336653034343430643538326661
6631313564643834653764636136326662386135373962340a383966323661353731313135326136
38356638613538333538353639336461386332623364333136363131646161396563653330393038
6638343761613035370a313065313061383261663234333334346265363231323066316661666436
36626530653734353638383734333138353431643330333533656637356635653930343466643665
64336662623130383063346234356533366132326561613539303033616232356430396561306236
64323263323334633436376262666639633739623461323036343335336365613561653638303130
37643938376138316531643735626564623732396163613064306338376137326636333530346462
38623730323862303631373736333363613933363737363763306238303066373638343935333836
39343939373433663739336337333430383266373930396635346166653663336261656464633462
38343839663235633537616339656465333139383236656532383434396339643334653136653362
30663235356337333237623634373939313662623639383361613663346462316439613733393934
33366266386232313537613930326138306136633663393138656639643263613230373630363864
30343034373465333437373734326138386464663830363238643065323936636534626138353065
66313961313731326464386636373138333162363738373065613832653630353763613836356331
61666639326233326562366634343864393537303235633936376137376233303133326431353661
61613361653366363764636637333333313035323135623432306137333564613666333737316537
33643962376363386661633963353033636431653961633134373866353639636266653636643964
66376165366531336530396632326139653337626239633066333036353465346661373061643736
34383331303138316366616263653932633966376464363461303139386532613361313332653462
35343966393661656432333965396536393665303636666165396238313362666537613863623966
36646635333539313730656662633463323364613631303539373930393938346562646631623664
33306338613038656132336663616638646630353730353131376364643664656138363839353337
33623266613031346236383439653761343465396565623335663239616639306437303763393765
34626565373937613764666462323765336663643134353362616632646631353664616132323562
63646239316363613764356433306335303939393163643765303163333764316461373433323437
63663262663265363366333439633739306638386462306666333938356430326630613537353364
65343836653439376138643237386437393434323631633734613761383536613236653064393136
37623730363035613961306335646238623963373566316662373630643938393765643061383164
62643733613238303535333066383231316636376565663336623165343466623334346138633462
30343639663664383563316335666265663365626161373231373030326465346666643530613034
65356464656438333233383866306164626164306166303065306564636235333130363132386536
66383063383236623434336566626662346138313336343131356461646232613937616533656265
32633637366132386165333431393339613832346437633661646535366439626361633630363730
35336430616162343961373965373462656362386430326566373931626265336462386664333563
64326637326435326637346363666363366266316262316264303832613863306264373433303431
64336332643561323933653234313537303432336231303530666637316332666163656464633132
66323931653334396262666637653962393361653362336637366365373033346535363064643130
36663737633932326637363264393238316532373462373934646163666539326531636238623438
39356162313330616638343262626462343061623235623438336461356466336237313837376631
36326336396538303838666537333231663363366265346338363463363934353634653230326538
30666462363062333763333031623432616239306539343337616263633162343635383866393066
33656464316336656264366633343266323963303034373063633430346463646562623063393635
39326439653265323235396239636366616638643935313732643230653536316466363566336334
34306236636135626363383765363639316161343936636263643934323866373466383831633239
34333133656363336261633835616139313361623238363165666530623263613431363131623439
30323932623439383635303336383033313366636164366636383936626132623231353535326163
33323731326438613832356531323437326661623136303330353065336232613733326634653935
35626461306665363463333937303835663831383965383437363366613430663663636138353232
33353364616162383833643933613838386534646562396466353765396364373635313864386431
64643061626333373830353837366461663033353035643236343532353233653235376236613936
33366137623735356430656164393534663231646364386562376632613731356138623334643561
38383562303363626632646366323933363031343862353162613562643436616531353861363837
38393736633363626364616134393132633639363339633465613465326464383062643734633662
66616162353762633132346139383634633133313230373435383763356466376463663861666335
36616338386662323439346335656163633138366139646133386237616639393033666662616530
35633532396236326563396162313561663763313236323363666161306538336332666639383366
6437636130386461663663663533353163303337333566616532
